{
 "cells": [
  {
   "cell_type": "code",
   "execution_count": 1,
   "id": "1c778070",
   "metadata": {},
   "outputs": [],
   "source": [
    "import torch\n",
    "inputs = torch.tensor(\n",
    "[[0.43, 0.15, 0.89], \n",
    "[0.55, 0.87, 0.66], \n",
    "[0.57, 0.85, 0.64], \n",
    "[0.22, 0.58, 0.33], \n",
    "[0.77, 0.25, 0.10], \n",
    "[0.05, 0.80, 0.55]] \n",
    ")"
   ]
  },
  {
   "cell_type": "code",
   "execution_count": 2,
   "id": "75d3586b",
   "metadata": {},
   "outputs": [],
   "source": [
    "import torch.nn as nn\n",
    "class SelfAttentionWithLinearLayers(nn.Module):\n",
    "    def __init__(self, d_in, d_out,qkv_bias = False):\n",
    "        super().__init__()\n",
    "        self.W_query = nn.Linear(d_in, d_out, bias=qkv_bias)\n",
    "        self.W_key = nn.Linear(d_in, d_out, bias=qkv_bias)\n",
    "        self.W_value = nn.Linear(d_in, d_out, bias=qkv_bias)\n",
    "    def forward(self, x):\n",
    "        keys = self.W_key(x)\n",
    "        queries = self.W_query(x)\n",
    "        values = self.W_value(x)\n",
    "        attn_scores = queries @ keys.T # omega\n",
    "        attn_weights = torch.softmax( attn_scores / keys.shape[-1]**0.5, dim=-1)\n",
    "        context_vec = attn_weights @ values\n",
    "        return context_vec"
   ]
  },
  {
   "cell_type": "code",
   "execution_count": 3,
   "id": "7d2c060d",
   "metadata": {},
   "outputs": [],
   "source": [
    "d_in = inputs.shape[1]\n",
    "d_out = 2\n",
    "SaLL = SelfAttentionWithLinearLayers(d_in,d_out)"
   ]
  },
  {
   "cell_type": "code",
   "execution_count": 5,
   "id": "52b5450a",
   "metadata": {},
   "outputs": [
    {
     "name": "stdout",
     "output_type": "stream",
     "text": [
      "tensor([[0.1811, 0.1628, 0.1627, 0.1648, 0.1628, 0.1658],\n",
      "        [0.1930, 0.1598, 0.1596, 0.1631, 0.1594, 0.1651],\n",
      "        [0.1924, 0.1600, 0.1598, 0.1632, 0.1593, 0.1653],\n",
      "        [0.1821, 0.1624, 0.1623, 0.1646, 0.1631, 0.1654],\n",
      "        [0.1745, 0.1660, 0.1656, 0.1655, 0.1593, 0.1691],\n",
      "        [0.1887, 0.1600, 0.1600, 0.1638, 0.1640, 0.1635]],\n",
      "       grad_fn=<SoftmaxBackward0>)\n"
     ]
    }
   ],
   "source": [
    "queries = SaLL.W_query(inputs)\n",
    "keys = SaLL.W_key(inputs)\n",
    "attn_scores = queries @ keys.T\n",
    "attn_weights = torch.softmax(attn_scores / keys.shape[-1]**0.5, dim=-1)\n",
    "print(attn_weights)"
   ]
  },
  {
   "cell_type": "code",
   "execution_count": null,
   "id": "4df3aac9",
   "metadata": {},
   "outputs": [
    {
     "name": "stdout",
     "output_type": "stream",
     "text": [
      "tensor([[1., 0., 0., 0., 0., 0.],\n",
      "        [1., 1., 0., 0., 0., 0.],\n",
      "        [1., 1., 1., 0., 0., 0.],\n",
      "        [1., 1., 1., 1., 0., 0.],\n",
      "        [1., 1., 1., 1., 1., 0.],\n",
      "        [1., 1., 1., 1., 1., 1.]])\n"
     ]
    }
   ],
   "source": [
    "context_length = attn_scores.shape[0]\n",
    "mask_simple = torch.tril(torch.ones(context_length, context_length))\n",
    "print(mask_simple)"
   ]
  },
  {
   "cell_type": "code",
   "execution_count": 7,
   "id": "d4286cff",
   "metadata": {},
   "outputs": [
    {
     "name": "stdout",
     "output_type": "stream",
     "text": [
      "tensor([[0.1811, 0.0000, 0.0000, 0.0000, 0.0000, 0.0000],\n",
      "        [0.1930, 0.1598, 0.0000, 0.0000, 0.0000, 0.0000],\n",
      "        [0.1924, 0.1600, 0.1598, 0.0000, 0.0000, 0.0000],\n",
      "        [0.1821, 0.1624, 0.1623, 0.1646, 0.0000, 0.0000],\n",
      "        [0.1745, 0.1660, 0.1656, 0.1655, 0.1593, 0.0000],\n",
      "        [0.1887, 0.1600, 0.1600, 0.1638, 0.1640, 0.1635]],\n",
      "       grad_fn=<MulBackward0>)\n"
     ]
    }
   ],
   "source": [
    "masked_simple = attn_weights*mask_simple\n",
    "print(masked_simple)"
   ]
  },
  {
   "cell_type": "code",
   "execution_count": 8,
   "id": "9f61773e",
   "metadata": {},
   "outputs": [
    {
     "name": "stdout",
     "output_type": "stream",
     "text": [
      "tensor([[1.0000, 0.0000, 0.0000, 0.0000, 0.0000, 0.0000],\n",
      "        [0.5470, 0.4530, 0.0000, 0.0000, 0.0000, 0.0000],\n",
      "        [0.3756, 0.3125, 0.3120, 0.0000, 0.0000, 0.0000],\n",
      "        [0.2712, 0.2419, 0.2417, 0.2452, 0.0000, 0.0000],\n",
      "        [0.2100, 0.1998, 0.1993, 0.1992, 0.1917, 0.0000],\n",
      "        [0.1887, 0.1600, 0.1600, 0.1638, 0.1640, 0.1635]],\n",
      "       grad_fn=<DivBackward0>)\n"
     ]
    }
   ],
   "source": [
    "row_sums = masked_simple.sum(dim=-1, keepdim=True)\n",
    "masked_simple_norm = masked_simple / row_sums\n",
    "print(masked_simple_norm)"
   ]
  },
  {
   "cell_type": "markdown",
   "id": "5960fbf5",
   "metadata": {},
   "source": [
    "### an approach for softmax function using -infinity values above the diagonal different from the previous approach. which is easier\n"
   ]
  },
  {
   "cell_type": "code",
   "execution_count": 9,
   "id": "cdb23dc9",
   "metadata": {},
   "outputs": [
    {
     "name": "stdout",
     "output_type": "stream",
     "text": [
      "tensor([[ 0.0796,    -inf,    -inf,    -inf,    -inf,    -inf],\n",
      "        [ 0.1430, -0.1236,    -inf,    -inf,    -inf,    -inf],\n",
      "        [ 0.1414, -0.1187, -0.1208,    -inf,    -inf,    -inf],\n",
      "        [ 0.0817, -0.0802, -0.0811, -0.0610,    -inf,    -inf],\n",
      "        [ 0.0730,  0.0024, -0.0007, -0.0014, -0.0557,    -inf],\n",
      "        [ 0.1021, -0.1313, -0.1314, -0.0984, -0.0967, -0.1003]],\n",
      "       grad_fn=<MaskedFillBackward0>)\n"
     ]
    }
   ],
   "source": [
    "mask = torch.triu(torch.ones(context_length, context_length), diagonal=1)\n",
    "masked = attn_scores.masked_fill(mask.bool(), -torch.inf)\n",
    "print(masked)"
   ]
  },
  {
   "cell_type": "code",
   "execution_count": 10,
   "id": "fd365fa6",
   "metadata": {},
   "outputs": [
    {
     "name": "stdout",
     "output_type": "stream",
     "text": [
      "tensor([[1.0000, 0.0000, 0.0000, 0.0000, 0.0000, 0.0000],\n",
      "        [0.5470, 0.4530, 0.0000, 0.0000, 0.0000, 0.0000],\n",
      "        [0.3756, 0.3125, 0.3120, 0.0000, 0.0000, 0.0000],\n",
      "        [0.2712, 0.2419, 0.2417, 0.2452, 0.0000, 0.0000],\n",
      "        [0.2100, 0.1998, 0.1993, 0.1992, 0.1917, 0.0000],\n",
      "        [0.1887, 0.1600, 0.1600, 0.1638, 0.1640, 0.1635]],\n",
      "       grad_fn=<SoftmaxBackward0>)\n"
     ]
    }
   ],
   "source": [
    "attn_weights = torch.softmax(masked / keys.shape[-1]**0.5, dim=1)\n",
    "print(attn_weights)"
   ]
  },
  {
   "cell_type": "markdown",
   "id": "7e6bb12e",
   "metadata": {},
   "source": [
    "Casual attention class"
   ]
  },
  {
   "cell_type": "code",
   "execution_count": 11,
   "id": "e2800ad9",
   "metadata": {},
   "outputs": [
    {
     "name": "stdout",
     "output_type": "stream",
     "text": [
      "torch.Size([2, 6, 3])\n"
     ]
    }
   ],
   "source": [
    "batch = torch.stack((inputs, inputs), dim=0)\n",
    "print(batch.shape)"
   ]
  },
  {
   "cell_type": "code",
   "execution_count": null,
   "id": "4ddbdaff",
   "metadata": {},
   "outputs": [],
   "source": [
    "class CausalAttention(nn.Module):\n",
    "    def __init__(self, d_in, d_out, context_length,\n",
    "        dropout, qkv_bias=False):\n",
    "        super().__init__()\n",
    "        self.d_out = d_out\n",
    "        self.W_query = nn.Linear(d_in, d_out, bias=qkv_bias)\n",
    "        self.W_key = nn.Linear(d_in, d_out, bias=qkv_bias)\n",
    "        self.W_value = nn.Linear(d_in, d_out, bias=qkv_bias)\n",
    "        self.dropout = nn.Dropout(dropout)\n",
    "        self.register_buffer(\n",
    "        'mask',\n",
    "        torch.triu(torch.ones(context_length, context_length),\n",
    "        diagonal=1)\n",
    "        )\n",
    "    def forward(self, x):\n",
    "        b, num_tokens, d_in = x.shape\n",
    "        keys = self.W_key(x)\n",
    "        queries = self.W_query(x)\n",
    "        values = self.W_value(x)\n",
    "        attn_scores = queries @ keys.transpose(1, 2)\n",
    "        attn_scores.masked_fill_(\n",
    "            self.mask.bool()[:num_tokens, :num_tokens], -torch.inf)\n",
    "        attn_weights = torch.softmax(\n",
    "        attn_scores / keys.shape[-1]**0.5, dim=-1\n",
    "        )\n",
    "        attn_weights = self.dropout(attn_weights)\n",
    "        context_vec = attn_weights @ values\n",
    "        return context_vec"
   ]
  },
  {
   "cell_type": "code",
   "execution_count": 19,
   "id": "c18c1a09",
   "metadata": {},
   "outputs": [
    {
     "name": "stdout",
     "output_type": "stream",
     "text": [
      "context_vecs.shape: torch.Size([2, 6, 2])\n"
     ]
    }
   ],
   "source": [
    "torch.manual_seed(122)\n",
    "context_length = batch.shape[1]\n",
    "ca1 = CausalAttention(d_in, d_out, context_length, 0.0)\n",
    "context_vecs = ca1(batch)\n",
    "print(\"context_vecs.shape:\", context_vecs.shape)"
   ]
  },
  {
   "cell_type": "code",
   "execution_count": 20,
   "id": "2e593395",
   "metadata": {},
   "outputs": [
    {
     "data": {
      "text/plain": [
       "tensor([[[ 0.3422, -0.2407],\n",
       "         [ 0.3464, -0.2191],\n",
       "         [ 0.3412, -0.2036],\n",
       "         [ 0.3110, -0.1928],\n",
       "         [ 0.2272, -0.0867],\n",
       "         [ 0.2567, -0.1375]],\n",
       "\n",
       "        [[ 0.3422, -0.2407],\n",
       "         [ 0.3464, -0.2191],\n",
       "         [ 0.3412, -0.2036],\n",
       "         [ 0.3110, -0.1928],\n",
       "         [ 0.2272, -0.0867],\n",
       "         [ 0.2567, -0.1375]]], grad_fn=<UnsafeViewBackward0>)"
      ]
     },
     "execution_count": 20,
     "metadata": {},
     "output_type": "execute_result"
    }
   ],
   "source": [
    "context_vecs"
   ]
  },
  {
   "cell_type": "code",
   "execution_count": null,
   "id": "7a2cf3de",
   "metadata": {},
   "outputs": [],
   "source": []
  }
 ],
 "metadata": {
  "kernelspec": {
   "display_name": "venv",
   "language": "python",
   "name": "python3"
  },
  "language_info": {
   "codemirror_mode": {
    "name": "ipython",
    "version": 3
   },
   "file_extension": ".py",
   "mimetype": "text/x-python",
   "name": "python",
   "nbconvert_exporter": "python",
   "pygments_lexer": "ipython3",
   "version": "3.11.0rc2"
  }
 },
 "nbformat": 4,
 "nbformat_minor": 5
}
